/*--------------------------------*- C++ -*----------------------------------*\
| =========                 |                                                 |
| \\      /  F ield         | OpenFOAM: The Open Source CFD Toolbox           |
|  \\    /   O peration     | Version:  2.3.1                                 |
|   \\  /    A nd           | Web:      www.OpenFOAM.org                      |
|    \\/     M anipulation  |                                                 |
\*---------------------------------------------------------------------------*/
FoamFile
{
    version     2.0;
    format      ascii;
    class       volVectorField;
    location    "0";
    object      wallShearStress;
}
// * * * * * * * * * * * * * * * * * * * * * * * * * * * * * * * * * * * * * //

dimensions      [0 2 -2 0 0 0 0];

internalField   uniform (0 0 0);

boundaryField
{
    frontandback
    {
        type            empty;
    }
    top
    {
        type            calculated;
        value           uniform (0 0 0);
    }
    slipsurface
    {
        type            symmetryPlane;
    }
    inlet
    {
        type            calculated;
        value           nonuniform List<vector> 
167
(
(0 3.81135e-18 0)
(0 0 0)
(0 0 0)
(0 0 0)
(0 0 0)
(0 0 0)
(0 0 0)
(0 0 0)
(0 0 0)
(0 0 0)
(0 0 0)
(0 0 0)
(0 0 0)
(0 0 0)
(0 0 0)
(0 0 0)
(0 0 0)
(0 0 0)
(0 0 0)
(0 0 0)
(0 0 0)
(0 0 0)
(0 0 0)
(0 0 0)
(0 0 0)
(0 0 0)
(0 0 0)
(0 0 0)
(0 0 0)
(0 0 0)
(0 0 0)
(0 0 0)
(0 0 0)
(0 0 0)
(0 0 0)
(0 0 0)
(0 0 0)
(0 0 0)
(0 0 0)
(0 0 0)
(0 0 0)
(0 0 0)
(0 0 0)
(0 0 0)
(0 0 0)
(0 0 0)
(0 0 0)
(0 0 0)
(0 0 0)
(0 0 0)
(0 0 0)
(0 0 -1.04259e-23)
(0 0 1.10694e-23)
(0 0 0)
(0 0 0)
(0 0 0)
(0 0 0)
(0 0 0)
(0 0 0)
(0 0 0)
(0 0 0)
(0 0 0)
(0 0 0)
(0 0 0)
(0 0 0)
(0 0 0)
(0 0 0)
(0 0 0)
(0 0 0)
(0 0 0)
(0 0 0)
(0 0 -3.4537e-23)
(0 0 3.66682e-23)
(0 0 0)
(0 0 0)
(0 0 0)
(0 0 0)
(0 0 0)
(0 0 0)
(0 0 0)
(0 0 0)
(0 0 0)
(0 0 0)
(0 0 0)
(0 0 0)
(0 0 0)
(0 0 0)
(0 0 0)
(0 0 0)
(0 0 0)
(0 0 0)
(0 0 0)
(0 0 0)
(0 0 0)
(0 0 0)
(0 0 0)
(0 0 0)
(0 0 0)
(0 0 0)
(0 0 0)
(0 0 0)
(0 0 0)
(0 0 0)
(0 0 0)
(0 0 0)
(0 0 0)
(0 0 0)
(0 0 0)
(0 0 0)
(0 0 0)
(0 0 0)
(0 0 0)
(0 0 0)
(0 0 0)
(0 0 0)
(0 0 0)
(0 0 0)
(0 0 0)
(0 0 0)
(0 0 0)
(0 0 0)
(0 0 0)
(0 0 0)
(0 0 0)
(0 0 0)
(0 0 0)
(0 0 0)
(0 0 0)
(0 0 0)
(0 0 0)
(0 0 0)
(0 0 0)
(0 0 0)
(0 0 0)
(0 0 0)
(0 0 0)
(0 0 0)
(0 0 0)
(0 0 0)
(0 0 0)
(0 0 0)
(0 0 0)
(0 0 0)
(0 0 0)
(0 0 0)
(0 0 0)
(0 0 0)
(0 0 0)
(0 0 0)
(0 0 0)
(0 0 0)
(0 0 0)
(0 0 0)
(0 0 0)
(0 0 0)
(0 0 0)
(0 0 0)
(0 0 0)
(0 0 0)
(0 0 0)
(0 0 0)
(0 0 0)
(0 0 0)
(0 0 0)
(0 0 0)
(0 0 0)
(0 0 0)
)
;
    }
    outlet
    {
        type            calculated;
        value           nonuniform List<vector> 
167
(
(0 0 0)
(0 0 0)
(0 0 0)
(0 0 0)
(0 0 0)
(0 0 0)
(0 0 0)
(0 0 0)
(0 0 0)
(0 0 0)
(0 0 0)
(0 0 0)
(0 0 0)
(0 0 0)
(0 0 0)
(0 0 0)
(0 0 0)
(0 0 0)
(0 0 0)
(0 0 0)
(0 0 0)
(0 0 0)
(0 0 0)
(0 0 0)
(0 0 0)
(0 0 0)
(0 0 0)
(0 0 0)
(0 0 0)
(0 0 0)
(0 0 0)
(0 0 0)
(0 0 0)
(0 0 0)
(0 0 0)
(0 0 0)
(0 0 0)
(0 0 0)
(0 0 0)
(0 0 0)
(0 0 0)
(0 0 0)
(0 0 0)
(0 0 0)
(0 0 0)
(0 0 0)
(0 0 0)
(0 0 0)
(0 0 0)
(0 0 0)
(0 0 0)
(0 0 0)
(0 0 0)
(0 0 0)
(0 0 0)
(0 0 0)
(0 0 0)
(0 0 0)
(0 0 0)
(0 0 0)
(0 0 0)
(0 0 0)
(0 0 0)
(0 0 0)
(0 0 0)
(0 0 0)
(0 0 0)
(0 0 0)
(0 0 0)
(0 0 0)
(0 0 0)
(0 0 0)
(0 0 0)
(0 0 0)
(0 0 0)
(0 0 0)
(0 0 0)
(0 0 0)
(0 0 0)
(0 0 0)
(0 0 0)
(0 0 0)
(0 0 0)
(0 0 0)
(0 0 0)
(0 0 0)
(0 0 0)
(0 0 0)
(0 0 0)
(0 0 0)
(0 0 0)
(0 0 0)
(0 0 0)
(0 0 0)
(0 0 0)
(0 0 0)
(0 0 0)
(0 0 0)
(0 0 0)
(0 0 0)
(0 0 0)
(0 0 0)
(0 0 0)
(0 0 0)
(0 0 0)
(0 0 0)
(0 0 0)
(0 0 0)
(0 0 0)
(0 0 0)
(0 0 0)
(0 0 0)
(0 0 0)
(0 0 0)
(0 0 0)
(0 0 0)
(0 0 0)
(0 0 0)
(0 0 0)
(0 0 0)
(0 0 0)
(0 0 0)
(0 0 0)
(0 0 0)
(0 0 0)
(0 0 0)
(0 0 0)
(0 0 0)
(0 0 0)
(0 0 0)
(0 0 0)
(0 0 0)
(0 0 0)
(0 0 0)
(0 0 0)
(0 0 0)
(0 0 0)
(0 0 0)
(0 0 0)
(0 0 0)
(0 0 0)
(0 0 0)
(0 0 0)
(0 0 0)
(0 0 0)
(0 0 0)
(0 0 0)
(0 0 0)
(0 0 0)
(0 0 0)
(0 0 0)
(0 0 0)
(0 0 0)
(0 0 0)
(0 0 0)
(0 0 0)
(0 0 0)
(0 0 0)
(0 0 0)
(0 0 0)
(0 0 0)
(0 0 0)
(0 0 0)
(0 0 0)
(0 0 0)
(0 0 0)
(0 207.749 0)
)
;
    }
    bottom
    {
        type            calculated;
        value           nonuniform List<vector> 
167
(
(-343.238 0 0)
(-343.238 0 0)
(-343.238 0 0)
(-343.238 0 0)
(-343.238 0 0)
(-343.238 0 0)
(-343.238 0 0)
(-343.238 0 0)
(-343.238 0 0)
(-343.238 0 0)
(-343.238 0 0)
(-343.238 0 0)
(-343.238 0 0)
(-343.238 0 0)
(-343.238 0 0)
(-343.238 0 0)
(-343.238 0 0)
(-343.238 0 0)
(-343.238 0 0)
(-343.238 0 0)
(-343.238 0 0)
(-343.238 0 0)
(-343.238 0 0)
(-343.238 0 0)
(-343.238 0 0)
(-343.238 0 0)
(-343.238 0 0)
(-343.238 0 0)
(-343.238 0 0)
(-343.238 0 0)
(-343.238 0 0)
(-343.238 0 0)
(-343.238 0 0)
(-343.238 0 0)
(-343.238 0 0)
(-343.238 0 0)
(-343.238 0 0)
(-343.238 0 0)
(-343.238 0 0)
(-343.238 0 0)
(-343.238 0 0)
(-343.238 0 0)
(-343.238 0 0)
(-343.238 0 0)
(-343.238 0 0)
(-343.238 0 0)
(-343.238 0 0)
(-343.238 0 0)
(-343.238 0 0)
(-343.238 0 0)
(-343.238 0 0)
(-343.238 0 0)
(-343.238 0 0)
(-343.238 0 0)
(-343.238 0 0)
(-343.238 0 0)
(-343.238 0 0)
(-343.238 0 0)
(-343.238 0 0)
(-343.238 0 0)
(-343.238 0 0)
(-343.238 0 0)
(-343.238 0 0)
(-343.238 0 0)
(-343.238 0 0)
(-343.238 0 0)
(-343.238 0 0)
(-343.238 0 0)
(-343.238 0 0)
(-343.238 0 0)
(-343.238 0 0)
(-343.238 0 0)
(-343.238 0 0)
(-343.238 0 0)
(-343.238 0 0)
(-343.238 0 0)
(-343.238 0 0)
(-343.238 0 0)
(-343.238 0 0)
(-343.238 0 0)
(-343.238 0 0)
(-343.238 0 0)
(-343.238 0 0)
(-343.238 0 0)
(-343.238 0 0)
(-343.238 0 0)
(-343.238 0 0)
(-343.238 0 0)
(-343.238 0 0)
(-343.238 0 0)
(-343.238 0 0)
(-343.238 0 0)
(-343.238 0 0)
(-343.238 0 0)
(-343.238 0 0)
(-343.238 0 0)
(-343.238 0 0)
(-343.238 0 0)
(-343.238 0 0)
(-343.238 0 0)
(-343.238 0 0)
(-343.238 0 0)
(-343.238 0 0)
(-343.238 0 0)
(-343.238 0 0)
(-343.238 0 0)
(-343.238 0 0)
(-343.238 0 0)
(-343.238 0 0)
(-343.238 0 0)
(-343.238 0 0)
(-343.238 0 0)
(-343.238 0 0)
(-343.238 0 0)
(-343.238 0 0)
(-343.238 0 0)
(-343.238 0 0)
(-343.238 0 0)
(-343.238 0 0)
(-343.238 0 0)
(-343.238 0 0)
(-343.238 0 0)
(-343.238 0 0)
(-343.238 0 0)
(-343.238 0 0)
(-343.238 0 0)
(-343.238 0 0)
(-343.238 0 0)
(-343.238 0 0)
(-343.238 0 0)
(-343.238 0 0)
(-343.238 0 0)
(-343.238 0 0)
(-343.238 0 0)
(-343.238 0 0)
(-343.238 0 0)
(-343.238 0 0)
(-343.238 0 0)
(-343.238 0 0)
(-343.238 0 0)
(-343.238 0 0)
(-343.238 0 0)
(-343.238 0 0)
(-343.238 0 0)
(-343.238 0 0)
(-343.238 0 0)
(-343.238 0 0)
(-343.238 0 0)
(-343.238 0 0)
(-343.238 0 0)
(-343.238 0 0)
(-343.238 0 0)
(-343.238 0 0)
(-343.238 0 0)
(-343.238 0 0)
(-343.238 0 0)
(-343.238 0 0)
(-343.238 0 0)
(-343.238 0 0)
(-343.238 0 0)
(-343.238 0 0)
(-343.238 0 0)
(-343.238 0 0)
(-343.238 0 0)
(-343.238 0 0)
(-343.238 0 0)
(-343.238 0 0)
)
;
    }
}


// ************************************************************************* //
